0.72727,0.44545,0.75455,0.33636,1.8485,0.42424
0.85455,0.29091,0.10909,0.20909,1.9293,0.71717
0.89091,0.53636,0.61818,0.20909,2.6566,0.13131
0.81818,0.19091,0.2,0.59091,1.9697,0.21212
0.70909,0.40909,0.35455,0.6,4.0303,0.9697
0.29091,0.26364,0.2,0.1,1.7273,0.43434
0.70909,0.86364,0.42727,0.35455,3.3838,0.81818
0.80909,1,0.75455,0.86364,3.101,0.50505
0.98182,0.20909,0.65455,0.7,3.2222,0.10101
0.37273,0.9,0.81818,0.87273,1.6061,0.36364
0.10909,0.84545,0.74545,0.83636,4.4343,0.29293
0.91818,0.19091,0.3,0.26364,2.7374,0.20202
0.47273,0.67273,0.86364,0.79091,4.3535,0.22222
0.40909,0.10909,0.27273,0.84545,1.5253,0.11111
0.20909,0.93636,0.81818,0.78182,4.6768,0.60606
0.48182,0.35455,0.16364,0.48182,3.9091,0.24242
0.12727,0.16364,0.9,0.99091,1.8485,0.020202
0.36364,0.69091,0.30909,0.1,2.0505,0.28283
0.65455,0.6,0.54545,0.21818,3.0202,0.33333
0.66364,0.90909,0.11818,0.33636,1.6061,0.41414
0.92727,0.20909,0.14545,0.71818,4.3131,0.26263
0.50909,0.86364,0.4,0.11818,2.7778,0.48485
0.26364,0.95455,0.91818,0.62727,1.1616,0.28283
0.96364,0.37273,0.83636,0.89091,2.0505,0.74747
0.76364,0.12727,0.10909,0.68182,3.2222,0.54545
0.56364,0.91818,0.58182,1,3.2626,0.37374
0.31818,0.72727,0.83636,0.28182,2.5758,0.70707
0.38182,0.9,0.65455,0.41818,1.3636,0.89899
0.22727,0.1,0.82727,0.76364,4.3535,0.35354
0.46364,0.41818,0.17273,0.73636,2.4545,0.44444
0.1,0.83636,0.84545,0.93636,1.1212,0.13131
0.5,0.10909,0.5,0.66364,3.1414,0.21212
0.47273,0.18182,0.90909,0.44545,3.9495,0.060606
0.56364,0.23636,0.89091,0.99091,4.4747,0.78788
0.21818,0.32727,0.33636,0.33636,3.1818,0.61616
0.43636,0.14545,0.79091,0.62727,3.5455,0.62626
0.67273,0.3,0.60909,0.86364,1.1616,0.46465
0.16364,0.20909,0.85455,0.75455,2.2929,0.60606
0.88182,0.11818,0.13636,0.25455,2.9798,0.63636
0.35455,0.41818,0.41818,0.56364,1.2828,1
0.27273,0.80909,0.59091,0.89091,4.9192,0.090909
0.96364,0.58182,0.69091,0.90909,3.8283,0.79798
0.44545,0.7,0.31818,0.23636,3.1414,0.16162
0.13636,0.49091,0.49091,0.10909,4.7172,0.48485
0.74545,0.59091,0.41818,0.93636,1.4444,0.22222
0.55455,0.94545,0.11818,0.70909,2.2525,0.60606
0.62727,0.4,0.98182,0.38182,2.9394,0.83838
0.18182,0.86364,0.46364,0.40909,3.101,0.72727
0.48182,0.91818,0.58182,0.41818,4.9192,0.53535
0.45455,0.40909,0.15455,0.41818,2.2121,0.73737
0.86364,0.61818,0.64545,0.81818,2.1717,0
0.62727,0.23636,0.37273,0.84545,4.8788,0.59596
0.15455,0.63636,0.43636,0.25455,4.2323,0.16162
0.98182,0.45455,0.32727,0.83636,3.2626,0.49495
0.99091,0.3,0.99091,0.11818,3.7879,0.83838
0.3,0.49091,0.48182,0.85455,4.6768,0.11111
0.1,0.54545,0.69091,0.9,4.0707,0.80808
0.29091,0.82727,0.81818,0.15455,4.798,0.69697
0.90909,0.67273,0.19091,0.9,3.8283,0.53535
0.50909,0.24545,0.33636,0.17273,2.3737,0.86869
0.27273,0.88182,0.67273,0.50909,1.0808,0.050505
0.31818,0.79091,0.90909,0.60909,3.4646,0.83838
0.68182,0.36364,0.5,0.8,1.404,0.44444
0.29091,0.37273,0.82727,0.55455,3.6667,0.92929
0.44545,0.24545,0.6,0.58182,3.5051,0.53535
0.99091,0.43636,0.50909,0.59091,1,0.39394
0.73636,0.11818,0.39091,0.16364,1.7273,0.32323
0.42727,0.4,0.21818,0.67273,4.0303,0.52525
0.95455,0.40909,0.90909,0.85455,3.5859,0.69697
0.94545,0.14545,1,0.31818,2.697,0.39394
0.9,0.19091,0.88182,0.9,4.1111,0.13131
0.4,0.98182,0.36364,0.93636,3.0606,0.22222
0.31818,0.11818,0.55455,0.70909,4.596,0.79798
0.69091,0.98182,0.68182,0.31818,3.1818,0.19192
0.43636,0.13636,0.30909,0.71818,3.7071,0.89899
0.8,0.60909,0.8,0.67273,3.8687,0.72727
0.21818,0.43636,0.77273,0.26364,5,0.43434
0.7,0.34545,0.6,0.63636,3.303,0.28283
0.31818,0.12727,0.70909,0.65455,1.9293,0.55556
0.3,0.60909,0.22727,0.19091,3.7071,0.85859
0.73636,0.82727,0.76364,0.49091,4.3131,0.91919
0.22727,0.61818,0.55455,0.68182,1.0404,0.65657
0.5,0.62727,0.23636,0.78182,2.697,0.87879
0.74545,0.88182,0.60909,0.29091,3.9899,0.25253
0.9,0.65455,0.22727,0.95455,4.6364,0.33333
0.85455,0.56364,0.12727,0.73636,2.2121,0.40404
0.84545,1,0.84545,0.27273,2.6162,0.25253
0.11818,0.5,0.56364,0.27273,4.5556,0.9899
0.33636,0.57273,0.97273,0.55455,3.6667,0.25253
0.75455,0.92727,0.62727,0.6,2.6566,0.54545
0.82727,0.5,0.79091,0.30909,4.1515,0.90909
0.28182,0.33636,0.43636,0.69091,4.0303,0.56566
0.68182,0.59091,0.79091,0.5,4.8384,0.45455
0.26364,0.66364,0.34545,0.73636,1.9697,0.71717
0.3,0.35455,0.45455,0.63636,3.8687,0.060606
0.63636,0.96364,0.50909,0.42727,3.303,0.29293
0.54545,0.17273,0.20909,0.78182,1.5657,0.67677
0.34545,0.49091,0.95455,0.98182,1.202,0.93939
0.17273,0.73636,0.97273,0.9,1.0808,0.15152
0.35455,0.63636,0.7,0.57273,1.3636,0.66667
0.99091,0.75455,0.97273,0.12727,1.7677,0.050505
0.30909,0.69091,0.31818,0.99091,4.3535,0.070707
0.44545,0.43636,1,0.40909,4.798,0.90909
0.33636,0.16364,0.76364,0.47273,4.9192,0.070707
0.20909,0.47273,0.42727,0.32727,3.3434,0.44444
0.74545,0.95455,0.55455,0.25455,3.3434,0.84848
0.92727,0.96364,0.78182,0.58182,1.3232,0.55556
0.38182,0.52727,0.51818,0.92727,1.7677,0.010101
0.88182,0.74545,0.3,0.79091,1.5253,0.57576
0.98182,0.99091,0.1,0.99091,5,0.33333
0.38182,0.78182,0.64545,0.32727,1.6465,0.62626
0.40909,0.81818,0.9,0.99091,2.6162,0.91919
0.35455,0.45455,0.60909,0.14545,1.5657,0.090909
0.43636,0.58182,0.99091,0.59091,3.1414,0.71717
0.21818,0.99091,0.53636,0.35455,3.9495,0.66667
0.87273,0.25455,0.54545,0.5,1.3636,0.59596
0.71818,0.50909,0.4,0.64545,3.9899,0.60606
0.78182,0.53636,0.58182,0.70909,1.8889,0.31313
0.58182,0.91818,0.81818,0.92727,3.9899,0.30303
0.78182,0.11818,0.69091,0.98182,4.2727,0.82828
0.89091,0.16364,0.36364,0.36364,4.6768,0.50505
0.60909,0.76364,0.52727,1,4.3939,0.060606
0.65455,0.78182,0.59091,0.30909,3.0202,0.51515
0.6,0.1,0.8,0.6,2.4141,0.64646
0.15455,0.47273,0.66364,0.13636,4.8384,0.59596
0.32727,0.73636,0.8,0.28182,3.9899,0.15152
0.58182,0.1,0.38182,0.7,4.9596,0.30303
0.18182,0.44545,0.7,0.20909,3.9495,0.18182
0.83636,0.68182,0.63636,0.21818,2.9798,0.030303
0.68182,0.79091,0.60909,0.98182,2.4949,0.18182
0.95455,0.18182,0.37273,0.8,5,0.69697
0.54545,0.96364,0.66364,0.55455,4.3535,0.010101
0.60909,0.75455,0.15455,0.95455,2.0909,0.53535
0.11818,0.17273,0.91818,0.71818,1.2424,0.88889
0.70909,0.50909,0.8,0.65455,4.4343,0.74747
0.60909,0.52727,0.22727,0.39091,2.2929,0.59596
0.34545,0.41818,0.61818,0.42727,3.0202,0.9798
0.77273,0.68182,0.20909,0.30909,3.7475,0.69697
0.83636,0.29091,0.47273,0.60909,3.8687,0.17172
0.8,0.15455,0.24545,0.61818,1.5253,0.65657
0.7,0.91818,0.82727,0.77273,2.0505,0.79798
0.86364,0.16364,0.80909,0.75455,2.2121,0.62626
0.52727,0.75455,0.92727,0.25455,4.8788,0.89899
0.24545,0.48182,0.29091,0.66364,4.2323,0.050505
0.25455,0.99091,0.28182,0.93636,3.4646,0.27273
0.97273,0.95455,0.54545,0.68182,1.2424,0.31313
0.59091,0.90909,0.20909,0.3,2.7374,0.92929
0.66364,0.24545,0.93636,0.16364,3.4646,0.57576
0.32727,0.72727,0.38182,0.74545,2.4949,0.070707
0.88182,0.20909,0.30909,0.20909,3.6667,0.010101
0.71818,0.11818,0.96364,0.56364,3.0202,0.38384
0.38182,0.28182,0.58182,0.44545,1.9293,0.020202
0.85455,0.34545,0.33636,0.43636,3.5051,0.30303
0.57273,0.37273,0.95455,0.25455,4.0707,0
0.10909,0.87273,0.47273,0.6,4.3131,0.15152
0.1,0.31818,0.93636,0.24545,4.2323,0.94949
0.10909,0.12727,0.37273,0.5,4.7576,0.27273
0.29091,0.29091,0.5,0.96364,2.6566,0.9798
0.46364,0.89091,0.41818,0.38182,2.0505,0.51515
0.95455,0.44545,0.40909,0.2,2.0101,0.32323
0.20909,0.30909,0.65455,0.47273,4.8384,0.94949
0.76364,0.4,0.55455,0.13636,1.0404,0.49495
0.59091,0.27273,0.44545,0.41818,4.798,0.93939
0.89091,0.2,0.51818,0.8,4.6364,0.72727
0.49091,0.66364,0.53636,0.14545,3.3434,0.23232
0.28182,0.2,0.71818,0.61818,4.4747,0.78788
0.52727,0.94545,0.75455,0.43636,1.1212,0.74747
0.47273,0.53636,0.7,0.61818,1.9697,0.43434
0.52727,0.51818,0.84545,0.4,1.5253,0.64646
1,0.46364,0.92727,0.48182,2.4141,0.68687
0.13636,0.26364,0.42727,0.41818,2.7778,0.9596
0.3,0.50909,0.15455,0.4,1.0404,0.72727
0.56364,0.8,0.78182,0.18182,4.0303,0.85859
0.16364,0.76364,0.95455,0.87273,4.3939,0.58586
0.53636,0.52727,0.21818,0.26364,4.7576,0.9899
0.81818,0.78182,0.53636,0.97273,1.3232,0.36364
0.48182,0.3,0.58182,0.22727,1.3232,0.73737
0.30909,0.70909,0.93636,0.91818,4.9192,0.82828
0.61818,0.47273,0.14545,0.80909,1.8485,0.020202
0.95455,0.67273,0.98182,0.73636,3.9091,0.30303
0.95455,0.6,0.15455,0.22727,1.0404,0.17172
0.82727,0.33636,0.73636,0.77273,4.8788,0.48485
0.10909,0.3,0.56364,0.37273,3.8687,0.9596
0.64545,0.82727,0.87273,0.69091,2.0909,0.54545
0.33636,0.16364,0.29091,0.97273,4.1515,0.26263
0.44545,0.73636,0.86364,0.4,1.1212,0.73737
0.79091,0.79091,0.95455,0.10909,1.6869,0.27273
0.59091,0.55455,0.16364,0.1,3.2626,0.42424
0.32727,0.49091,0.81818,0.15455,2.6162,0.010101
0.6,0.35455,0.87273,0.34545,2.2525,0.81818
0.84545,0.55455,0.35455,0.98182,1.404,0.80808
0.83636,0.77273,0.63636,0.19091,2.9394,0.55556
0.69091,0.54545,0.38182,0.85455,2.2525,0.68687
0.54545,0.30909,0.39091,0.81818,1.4444,0.92929
0.76364,0.41818,0.34545,0.64545,1.6465,0.70707
0.30909,0.63636,0.97273,0.19091,4.1919,0.18182
0.32727,0.63636,0.37273,0.82727,2.3333,0.62626
0.77273,0.47273,0.52727,0.40909,3.7475,0.75758
0.72727,0.70909,0.66364,0.36364,2.899,0.050505
0.49091,0.25455,0.38182,0.62727,2.1717,0.87879
0.13636,0.33636,0.56364,0.45455,3.9495,0.72727
0.94545,0.32727,0.23636,0.9,1.6061,0.87879
0.33636,0.42727,0.30909,0.3,3.7879,0.82828
0.65455,0.21818,0.32727,0.34545,3.7879,0.040404
0.25455,0.15455,0.73636,0.47273,2.4545,0.19192
0.83636,0.31818,0.73636,0.2,4.5152,0.28283
0.21818,0.65455,0.88182,0.92727,3.5051,0.83838
0.90909,0.22727,0.35455,0.54545,1.8485,0.40404
0.82727,0.93636,0.76364,0.86364,2.3737,0.76768
0.34545,0.93636,0.12727,0.11818,4.5556,0.42424
0.93636,0.65455,0.17273,0.32727,4.2727,0.46465
0.85455,0.60909,0.88182,0.37273,4.798,0.32323
0.36364,0.94545,0.92727,0.88182,4.4343,0.38384
0.86364,0.22727,0.73636,0.90909,3.5455,0
0.98182,0.5,0.79091,0.23636,3.101,0.26263
0.79091,0.13636,0.66364,0.62727,1.0808,0.32323
0.28182,0.51818,0.56364,0.22727,2.1313,0.52525
0.36364,0.80909,0.40909,0.52727,3.7071,0.66667
0.72727,0.58182,0.48182,0.37273,1.8485,0.15152
0.47273,0.86364,0.83636,0.58182,4.5556,0.050505
0.24545,0.22727,0.2,0.34545,3.5051,0.47475
0.18182,0.70909,0.15455,0.14545,2.5354,0.12121
0.23636,0.99091,0.1,0.54545,2.7374,0.66667
0.79091,0.97273,0.80909,0.69091,3.4242,0.50505
0.22727,0.83636,0.33636,0.29091,3.7879,0.33333
1,0.85455,0.43636,0.75455,2.2121,0.48485
0.51818,0.65455,0.68182,0.28182,3.0606,0.68687
0.41818,0.5,0.13636,0.12727,2.4949,0.47475
0.71818,0.42727,0.34545,0.94545,2.9394,0.10101
0.12727,0.84545,0.52727,0.46364,1.7677,0.70707
0.62727,0.89091,0.27273,0.83636,3.1414,0.91919
0.80909,0.97273,0.39091,0.63636,3.7475,0.46465
0.53636,0.34545,0.13636,0.60909,2.5354,0.31313
0.67273,0.1,1,0.47273,1.8889,1
0.63636,0.89091,0.23636,0.77273,3.9899,0.36364
0.42727,0.52727,0.68182,0.57273,1.6869,0.87879
0.74545,0.44545,0.43636,0.64545,2.0101,0.93939
0.64545,0.78182,0.3,0.56364,4.6768,0.74747
0.16364,0.75455,0.78182,0.88182,1.0808,0.35354
0.8,0.14545,0.95455,0.90909,4.5556,0.74747
0.75455,0.48182,0.71818,0.18182,1.404,0.9798
0.1,0.7,0.72727,0.46364,1.8081,0.21212
0.2,0.36364,0.54545,0.56364,2.8586,0.82828
0.68182,0.27273,0.60909,0.67273,2.5354,0.35354
0.37273,0.67273,0.23636,0.24545,2.9798,0.51515
0.5,0.6,0.17273,0.82727,2.7374,0.76768
0.93636,0.42727,0.25455,0.38182,2.9394,0.22222
0.74545,0.90909,0.57273,0.51818,4.1515,0.86869
0.41818,0.87273,0.84545,0.77273,1.0404,0.080808
0.96364,0.30909,0.22727,0.36364,1.8081,0.79798
0.49091,0.22727,0.62727,0.74545,4.7172,0.49495
0.87273,0.38182,0.42727,0.90909,2.9798,0.63636
0.45455,0.43636,0.50909,0.18182,3.0606,1
0.7,0.53636,0.21818,0.50909,1.8889,0.21212
0.94545,0.15455,0.89091,0.88182,1.202,0.070707
0.6,0.20909,0.19091,0.28182,4.1111,0.94949
0.17273,0.78182,0.41818,0.44545,2.4141,0.34343
0.59091,0.6,0.40909,0.89091,1.404,0.47475
0.70909,0.4,0.90909,0.13636,4.6768,0.88889
0.81818,0.39091,0.31818,0.94545,2.1313,0.43434
0.87273,0.45455,0.76364,0.6,2.899,0.24242
0.42727,0.38182,0.20909,0.61818,4.9596,0.31313
0.55455,0.4,0.77273,0.75455,2.5354,0.9596
0.58182,0.59091,0.65455,0.51818,1.5657,0.56566
0.20909,0.28182,0.57273,0.98182,3.7071,0.090909
0.82727,0.48182,0.91818,0.63636,1.3232,0.45455
0.26364,0.87273,0.18182,1,4.8788,0.090909
0.24545,0.36364,0.69091,0.80909,1.6869,0.77778
0.17273,0.64545,0.85455,0.20909,2.8586,0.42424
0.92727,0.1,0.4,0.54545,4.9192,0.49495
0.82727,0.24545,0.64545,0.7,2.5758,0.86869
0.34545,0.34545,0.47273,0.31818,3.3434,0.46465
0.40909,0.74545,0.83636,0.2,5,0.9697
0.12727,0.55455,0.85455,0.24545,1.6869,0.10101
0.78182,0.63636,0.73636,0.49091,1.8889,0.91919
0.62727,0.74545,0.85455,0.15455,3.1414,0.47475
0.97273,0.9,0.4,0.7,4.9596,0.56566
0.19091,0.97273,0.72727,0.1,4.1515,0.080808
0.87273,0.55455,0.46364,0.37273,2.4545,0.38384
0.7,0.69091,0.24545,0.45455,3.1818,0.16162
0.88182,0.85455,0.12727,0.22727,4.8384,0.29293
1,0.29091,0.96364,0.2,1.2424,0.80808
0.7,0.72727,0.79091,0.67273,2.3737,0
0.23636,0.2,0.68182,0.39091,1.4444,0.14141
0.59091,0.57273,0.44545,0.27273,4.1111,0.14141
0.86364,0.93636,0.2,0.61818,3.4646,0.56566
0.2,0.80909,0.48182,0.82727,1.9293,0.40404
0.15455,0.62727,1,0.59091,2.7778,0.17172
0.18182,0.98182,0.63636,0.26364,2.1717,0.58586
0.42727,0.6,0.26364,0.57273,1.6061,0.71717
0.80909,0.61818,0.11818,0.14545,4.7172,0.19192
1,0.12727,0.19091,0.21818,3.6263,0.030303
0.40909,0.18182,0.6,0.76364,4.6364,0.78788
0.51818,0.66364,0.94545,0.47273,1.3636,0.11111
0.61818,0.48182,0.85455,0.53636,3.2222,0.26263
0.75455,0.36364,0.29091,0.83636,4.7576,0.79798
0.54545,0.28182,0.32727,0.38182,1.5657,0.57576
0.64545,0.39091,0.32727,0.17273,2.8182,0.27273
0.75455,0.57273,0.36364,0.16364,2.7778,0.15152
0.26364,0.31818,0.46364,0.91818,1.7677,0.89899
0.81818,0.64545,0.18182,0.90909,4.2727,0.37374
0.43636,0.96364,0.21818,0.96364,2.8182,0.51515
0.24545,0.24545,0.1,0.21818,3.5859,0.58586
0.67273,0.9,0.8,0.23636,4.3131,0.50505
0.9,0.9,0.45455,0.96364,3.303,0.48485
0.72727,0.90909,0.93636,0.32727,2.899,0.84848
0.23636,0.21818,0.57273,0.12727,1.202,0.64646
0.4,0.15455,0.89091,0.14545,4.596,0.67677
0.25455,0.32727,0.10909,0.35455,3.2222,0.67677
0.97273,0.83636,0.50909,0.45455,3.5859,0.90909
0.27273,0.88182,0.31818,0.88182,3.2626,0.61616
0.22727,0.68182,0.53636,1,2.3333,0.64646
0.68182,0.64545,0.71818,0.49091,3.1818,0.88889
0.92727,0.92727,0.56364,0.92727,2.3737,0.040404
0.29091,0.95455,0.26364,0.51818,4.4747,0.87879
0.1,0.19091,0.26364,0.48182,4.596,0.18182
0.88182,0.95455,0.62727,0.34545,1.9697,0.62626
0.64545,0.80909,0.86364,0.23636,3.5455,0.40404
0.73636,0.13636,0.27273,0.48182,3.1818,0.12121
0.47273,0.87273,0.44545,0.29091,3.3434,0.12121
0.14545,1,0.78182,0.91818,3.101,0.28283
0.28182,0.77273,0.91818,0.87273,1.4848,0.34343
0.61818,0.72727,0.24545,0.81818,4.1111,0.24242
0.89091,0.27273,0.33636,0.13636,3.8283,0.41414
0.97273,0.98182,0.74545,0.5,3.4242,0.77778
0.46364,0.61818,0.51818,0.40909,1.8081,0.92929
0.67273,0.71818,0.69091,0.35455,2.2929,0.85859
0.81818,0.57273,0.99091,0.49091,4.5152,0.84848
0.49091,0.18182,0.57273,0.74545,3.8687,0.63636
0.45455,0.51818,0.35455,0.43636,4.9596,0.63636
0.36364,0.7,0.57273,0.46364,4.5152,0.76768
0.66364,0.5,0.75455,0.72727,3.5051,0.16162
0.48182,0.37273,0.20909,0.60909,3.2222,0.24242
0.14545,0.92727,0.36364,0.52727,3.7475,0.61616
0.31818,0.28182,0.80909,0.51818,1,0.35354
0.39091,0.53636,0.62727,0.58182,3.6667,0.75758
0.33636,0.13636,0.18182,0.10909,4.1919,0.44444
0.87273,0.94545,0.11818,0.72727,4.4343,0.89899
0.72727,0.74545,0.52727,0.79091,3.303,0.41414
1,0.88182,0.50909,0.87273,4.1515,0.92929
0.28182,0.26364,0.80909,0.68182,1.2828,0.84848
0.6,0.70909,0.70909,0.52727,4.4747,0.65657
0.91818,0.94545,0.35455,0.65455,2.8586,0.39394
0.54545,0.25455,0.1,0.85455,3.9091,0.71717
0.26364,0.61818,0.46364,0.79091,3.9091,0.14141
0.8,0.12727,0.90909,0.94545,2.0909,0.91919
0.30909,0.54545,0.9,0.72727,1.2424,0.70707
0.27273,0.89091,0.24545,0.65455,4.4747,0.81818
0.50909,0.8,0.22727,0.84545,1.2828,0.88889
0.99091,0.68182,0.25455,0.87273,1.8081,0.9798
0.94545,0.97273,0.62727,0.97273,1.9697,0.23232
0.55455,0.80909,0.12727,0.96364,3.6263,0.9899
0.14545,0.84545,0.78182,0.38182,4.3939,0.060606
0.69091,0.70909,0.49091,0.75455,2.697,0.75758
0.51818,0.71818,0.92727,0.94545,4.5556,0.23232
0.56364,0.28182,0.30909,0.27273,2.8182,0.41414
0.89091,0.64545,0.46364,0.18182,2.1313,0.12121
0.52727,0.55455,0.89091,0.10909,2.8182,0.75758
0.8,0.2,0.53636,0.55455,1.5253,0.52525
0.83636,0.36364,0.98182,0.12727,1.1616,0.76768
0.22727,0.65455,0.47273,0.37273,3.7475,0.11111
0.32727,0.57273,0.14545,0.53636,1.7273,0.37374
0.37273,0.39091,0.52727,0.8,3.3838,0.030303
0.34545,0.40909,0.16364,0.12727,1.6465,0.29293
0.15455,0.67273,0.65455,0.26364,4.3939,0.39394
0.11818,0.46364,0.38182,0.21818,4.0707,0.19192
0.84545,0.32727,0.94545,0.29091,4.3939,0.33333
0.84545,0.76364,0.61818,0.88182,4.6364,0.29293
0.55455,0.30909,0.99091,0.95455,3.5859,0.030303
0.9,0.48182,0.4,0.69091,2.8586,0.78788
0.80909,0.60909,0.51818,0.44545,2.4141,0.36364
0.57273,0.62727,0.99091,0.27273,4.1919,0.65657
0.73636,0.62727,0.44545,0.93636,1.6869,0.10101
0.98182,0.10909,0.67273,0.85455,3.3838,0.55556
0.53636,0.30909,0.66364,0.82727,3.303,0.9899
0.19091,0.32727,0.88182,0.53636,3.5859,0.54545
0.3,0.88182,0.34545,0.80909,1,0.67677
0.6,0.47273,0.23636,0.52727,2.2929,0.20202
0.4,0.27273,0.98182,0.15455,2.4949,0.9697
0.58182,0.14545,0.45455,0.39091,2.9798,0.63636
0.65455,0.17273,0.29091,0.39091,1,0.9798
0.41818,0.69091,0.9,0.19091,2.6566,0.52525
0.25455,0.87273,0.96364,0.91818,1.3232,0.66667
0.37273,0.56364,0.89091,0.69091,1.202,0.010101
0.78182,0.10909,0.31818,0.70909,3.4242,0.83838
0.57273,0.73636,0.63636,0.42727,3.7071,0.68687
0.97273,0.85455,0.51818,0.49091,4.2323,0.80808
0.5,0.27273,0.25455,0.63636,3.6263,0.45455
0.23636,0.81818,0.26364,0.92727,3.7879,0.75758
0.13636,0.14545,0.68182,0.78182,4.596,0.35354
0.13636,0.49091,0.87273,0.80909,2.1717,0.38384
0.2,0.22727,0.28182,0.51818,2.0909,0.55556
0.60909,0.37273,0.19091,0.67273,4.2727,0.78788
0.57273,0.83636,0.12727,0.34545,3.4242,0.040404
0.90909,0.71818,0.97273,0.50909,4.2727,0.31313
0.77273,0.76364,0.14545,0.62727,4.7172,0.54545
0.85455,0.46364,0.5,0.43636,4.7576,0.23232
0.50909,0.93636,0.42727,0.66364,1.3636,0.18182
0.11818,0.91818,0.67273,0.18182,2.1313,0.90909
0.2,0.56364,0.28182,0.82727,3.6263,0.40404
0.51818,0.69091,0.91818,0.89091,2.899,0.51515
0.51818,0.79091,0.54545,0.3,2.4949,0.45455
0.55455,0.15455,0.49091,0.42727,1.7273,0
0.96364,0.35455,0.77273,0.58182,2.6162,0.9697
0.37273,0.23636,0.25455,0.29091,2.5354,0.84848
0.53636,0.21818,0.48182,0.76364,4.4343,0.38384
0.35455,0.58182,0.7,0.43636,2.3333,0.12121
0.39091,0.39091,0.16364,0.50909,3.2626,0.65657
0.66364,0.8,0.96364,0.77273,3.4242,0.34343
0.23636,0.31818,0.16364,0.72727,2.2525,0.56566
0.75455,0.90909,0.64545,0.1,1.6061,0.25253
0.53636,0.45455,0.18182,0.81818,2.1717,0.13131
0.79091,0.83636,0.40909,0.89091,1.1616,0.26263
0.12727,0.42727,0.29091,0.33636,4.1111,0.58586
0.77273,0.25455,0.3,0.36364,1.404,0.37374
0.61818,0.26364,0.82727,0.57273,2.2121,0.68687
0.93636,0.75455,0.63636,0.94545,4.2323,0.53535
0.16364,0.7,0.74545,0.10909,1.202,0.9697
0.90909,0.38182,0.59091,0.54545,2.6566,0.34343
0.93636,0.23636,0.67273,0.30909,1.4848,0.020202
0.48182,0.56364,0.59091,0.4,2.5758,0.77778
0.61818,0.31818,0.96364,0.80909,2.0505,0.57576
0.24545,1,0.26364,0.66364,3.9495,0.57576
0.69091,0.44545,0.3,0.72727,1.4848,0.13131
0.49091,0.68182,0.71818,0.19091,4.596,0.17172
0.67273,0.92727,0.39091,0.84545,3.5455,0.86869
0.44545,0.84545,0.70909,0.35455,2.4545,0.77778
0.4,0.81818,0.77273,0.86364,2.6162,0.94949
0.45455,0.64545,0.13636,0.53636,1.5657,0.49495
0.10909,0.39091,0.49091,0.24545,3.4646,0.93939
0.46364,0.62727,0.1,0.17273,3.0606,0.81818
0.43636,0.46364,0.44545,0.76364,2.8182,0.46465
0.39091,0.89091,0.24545,0.55455,4.3131,0.20202
0.46364,0.19091,0.17273,0.71818,1.7677,0.20202
0.39091,0.38182,0.13636,0.3,3.3838,0.73737
0.58182,0.86364,0.32727,0.5,1.4848,0.42424
0.84545,0.76364,0.86364,0.86364,1.1212,0.73737
0.56364,0.84545,0.86364,0.59091,4.8384,0.44444
0.42727,0.50909,0.64545,0.28182,2.5758,0.52525
0.4,0.77273,0.25455,0.96364,1.2424,0.14141
0.92727,0.54545,0.6,0.22727,4.1919,0.24242
0.19091,0.72727,0.80909,0.52727,1.9293,0.69697
0.91818,0.17273,0.36364,0.81818,2.7778,0.020202
0.5,0.29091,0.92727,0.66364,2.697,0.070707
0.27273,0.52727,0.76364,0.4,4.7172,0.47475
0.2,0.26364,0.49091,0.24545,4.5152,0.85859
0.73636,0.8,0.74545,0.11818,2.0909,0.11111
0.15455,0.51818,0.87273,0.74545,2.0101,0.88889
0.91818,0.21818,0.39091,0.40909,1.7273,0.040404
0.39091,0.17273,0.48182,0.42727,3.6263,0.080808
0.41818,0.54545,0.11818,0.30909,2.4141,0.16162
0.91818,0.23636,0.71818,0.65455,1.8889,0.17172
0.20909,0.73636,0.94545,0.78182,2.0101,0.9596
0.38182,0.38182,0.41818,0.23636,3.9091,0.76768
0.64545,0.13636,0.9,0.16364,2.2929,0.43434
0.76364,0.21818,0.45455,0.31818,1.4848,0.27273
0.63636,0.34545,0.94545,0.97273,1.2828,0.19192
0.76364,0.85455,0.84545,0.8,3.5455,0.86869
0.60909,0.2,0.59091,1,1.8081,0.41414
0.71818,0.77273,0.82727,0.76364,2.1313,0.060606
0.17273,0.71818,0.10909,0.45455,2.5758,0.080808
0.93636,0.66364,0.5,0.11818,4.3535,0.45455
0.86364,0.59091,0.61818,0.83636,3.3838,0.80808
0.14545,0.51818,0.7,0.97273,2.697,0.20202
0.9,0.85455,0.10909,0.70909,4.7576,0.81818
0.66364,0.79091,0.21818,0.53636,4.798,0.10101
0.12727,0.99091,0.43636,0.95455,1.4444,0.58586
0.21818,0.82727,0.72727,0.91818,4.9596,0.61616
0.19091,0.45455,0.17273,0.36364,2.2525,0.30303
0.57273,0.58182,0.37273,0.44545,4.0707,0.77778
0.65455,0.98182,0.98182,0.13636,3.0202,0.030303
0.52727,0.18182,0.75455,0.46364,4.8788,0.85859
0.14545,0.56364,0.67273,0.15455,2.3333,0.36364
0.90909,1,0.72727,0.32727,3.8283,0.23232
0.96364,0.10909,0.28182,0.17273,2.7374,0.9596
0.62727,0.66364,0.74545,0.57273,1.6465,0.090909
0.40909,0.71818,1,0.56364,2.0101,0.61616
0.69091,0.33636,0.27273,0.71818,3.6667,0.34343
0.16364,0.8,0.47273,0.45455,2.3737,0.040404
0.17273,0.33636,0.93636,0.95455,4.0707,0.14141
0.94545,0.81818,0.28182,0.17273,1.6465,0.60606
0.79091,0.43636,0.70909,0.73636,3.0606,0.67677
0.11818,0.7,0.87273,0.7,1,0.32323
0.63636,0.3,0.70909,0.50909,2.4545,0.21212
0.25455,0.97273,0.55455,0.33636,1.0808,0.59596
0.70909,0.41818,0.83636,0.46364,5,0.080808
0.41818,0.50909,0.6,0.3,1.1616,0.50505
0.71818,0.35455,0.61818,0.39091,2.3333,0.64646
0.50909,0.59091,0.45455,0.31818,1.4444,0.37374
0.99091,0.96364,0.88182,0.84545,4.1919,0.9899
0.63636,0.46364,0.2,0.79091,4.6364,0.25253
0.78182,0.40909,0.72727,0.2,1.1212,0.39394
0.36364,0.25455,0.94545,0.64545,1.2828,0.70707
0.18182,0.81818,0.77273,0.74545,4.5152,1
0.35455,0.60909,0.19091,0.48182,2.8586,0.90909
0.30909,0.92727,0.40909,0.16364,2.899,0.93939
0.19091,0.82727,0.18182,0.68182,3.101,0.82828
0.77273,0.42727,0.27273,0.60909,4.0303,1
0.45455,0.74545,0.14545,0.64545,2.9394,0.94949
0.80909,0.77273,0.34545,0.54545,3.8283,0.22222
