0.22727,0.67273,0.98182,0.20909,2.3333,0.81818
0.69091,0.49091,0.91818,0.49091,1.2828,0.48485
0.68182,1,0.48182,1,2.5354,0.13131
0.65455,0.92727,0.53636,0.82727,3.9091,0.91919
0.3,0.95455,0.51818,0.22727,3.5859,0.76768
0.95455,0.72727,0.17273,0.58182,3.8687,0.32323
0.84545,0.81818,0.83636,0.19091,3.4646,0.19192
0.4,0.32727,0.75455,0.68182,4.6364,0.54545
0.1,0.61818,0.77273,0.14545,3.7071,0.030303
0.25455,0.83636,0.75455,0.91818,4.0707,0.080808
0.56364,0.40909,0.30909,0.56364,3.6667,0.090909
0.82727,0.29091,0.8,0.8,3.0202,0.19192
0.59091,0.64545,0.73636,0.33636,2.1313,0.77778
0.82727,0.36364,0.7,0.1,1.8081,0.45455
0.4,0.92727,0.23636,0.88182,3.101,0.81818
0.26364,0.77273,0.19091,0.73636,4.5556,0.47475
0.38182,0.83636,0.71818,0.18182,2.3333,0.44444
0.41818,0.37273,0.37273,0.85455,4.8384,0.34343
0.64545,0.20909,0.15455,0.54545,1.202,0.25253
0.49091,0.11818,0.23636,0.94545,1.8485,0.32323
0.3,0.42727,0.82727,0.71818,3.3838,0.76768
0.52727,0.95455,0.12727,0.87273,4.4747,0.9798
0.42727,0.60909,0.66364,0.50909,2.8586,0.83838
0.95455,0.46364,0.37273,0.61818,4.4747,0.050505
0.51818,0.42727,0.86364,0.63636,4.8788,0.87879
0.46364,0.5,0.75455,0.4,4.9596,0.93939
0.43636,0.81818,0.20909,0.67273,2.1717,0.59596
0.96364,0.74545,0.12727,0.16364,2.6566,0.77778
0.13636,0.96364,0.84545,0.23636,4.2727,0.36364
0.84545,0.76364,0.64545,0.34545,2.8182,0.010101
0.57273,0.66364,0.31818,0.10909,1.404,0.88889
0.12727,0.35455,0.12727,0.37273,4.3939,0.56566
0.21818,0.62727,0.35455,0.59091,4.8384,0.94949
0.36364,0.99091,0.82727,0.95455,3.2222,0.65657
0.62727,0.30909,0.11818,0.48182,4.2323,0.27273
0.75455,0.53636,0.53636,0.31818,1.9293,0.82828
0.48182,0.73636,0.7,0.83636,1.1212,0.20202
0.19091,0.8,1,0.78182,1.6465,0.42424
0.54545,0.61818,0.95455,0.92727,1.7677,0.22222
0.50909,0.23636,0.24545,0.98182,1.8889,0.20202
0.86364,0.54545,0.5,0.97273,1.0808,0.9798
0.14545,0.34545,0.77273,0.24545,4.3939,0.54545
0.71818,0.76364,0.78182,0.73636,1.6061,0.070707
0.84545,0.77273,0.97273,0.85455,2.0505,0.75758
0.89091,0.92727,0.88182,0.21818,4.1919,0.69697
0.5,0.67273,0.46364,0.12727,2.4949,0.060606
0.16364,0.53636,0.14545,0.33636,3.7475,0.27273
0.33636,0.34545,0.63636,0.83636,3.9899,0.65657
0.46364,0.31818,0.33636,0.44545,2.4545,0.71717
0.88182,0.15455,0.71818,0.83636,2.1717,0.24242
0.25455,0.69091,0.20909,0.9,4.9192,0.29293
0.23636,0.68182,0.59091,0.62727,4.1111,0.42424
0.34545,0.47273,0.81818,0.89091,1.5253,0.79798
0.35455,0.64545,0.5,0.40909,1.5657,0.37374
0.70909,0.45455,0.51818,0.65455,3.1414,0.75758
0.97273,0.34545,0.27273,0.53636,3.2222,0.39394
0.57273,0.47273,0.83636,0.27273,4.4343,0.27273
0.13636,0.7,0.60909,0.23636,1.8889,0.34343
0.88182,0.52727,0.62727,0.24545,3.5859,0.22222
0.61818,0.4,0.97273,0.35455,1.0404,0.38384
0.65455,0.73636,0.22727,0.57273,3.1818,0.030303
0.17273,0.79091,0.14545,0.68182,4.5152,0.90909
0.16364,0.85455,0.10909,0.4,4.5556,0.060606
0.63636,0.54545,0.62727,0.21818,2.1313,0.010101
0.18182,0.41818,0.62727,0.94545,4.596,0.35354
0.59091,0.75455,0.4,0.55455,3.6263,0.24242
0.60909,0.29091,0.47273,0.27273,3.303,0.9697
0.89091,0.16364,0.74545,0.50909,2.9798,0.21212
0.45455,0.64545,0.40909,0.49091,3.0606,0.77778
0.86364,0.24545,0.89091,0.45455,3.9091,0.090909
0.51818,0.16364,0.90909,0.35455,2.2121,0.71717
0.82727,0.35455,0.96364,0.15455,1.2828,0.53535
0.86364,0.78182,0.47273,1,4.1919,0.68687
0.6,0.74545,0.87273,0.76364,4.5556,0.49495
0.75455,0.17273,0.92727,0.58182,3.5859,0.13131
0.80909,0.12727,0.29091,0.38182,1.0404,0.77778
0.50909,0.2,0.35455,0.8,3.6263,0
0.21818,0.1,0.76364,0.75455,1.6061,0.48485
0.54545,0.48182,0.92727,0.74545,2.6162,0.48485
0.29091,0.44545,0.56364,0.43636,1.8889,0.47475
0.31818,0.81818,0.34545,0.20909,2.5758,0.51515
0.15455,0.29091,0.29091,0.28182,3.5455,0.22222
0.46364,0.16364,0.65455,0.39091,1.7677,0.37374
0.28182,0.21818,0.36364,0.17273,2.9394,0.63636
0.55455,0.10909,0.99091,0.98182,2.3737,0.83838
0.23636,0.93636,0.3,0.10909,4.0707,0.80808
0.4,0.34545,0.85455,0.19091,2.2525,0.51515
0.14545,0.62727,0.29091,0.32727,2.5758,0.52525
0.1,0.36364,0.50909,0.1,2.1313,0.57576
0.69091,0.77273,1,0.91818,2.2121,0.74747
0.81818,0.60909,0.49091,0.72727,4.2727,0.040404
0.16364,0.89091,0.24545,0.87273,3.8283,0.73737
0.78182,0.67273,0.73636,0.89091,3.303,0.010101
0.7,0.28182,0.10909,0.14545,1.4444,1
0.5,0.14545,0.79091,0.43636,1.1616,0.090909
0.46364,0.27273,0.43636,0.36364,2.0101,0.47475
0.51818,0.13636,0.18182,0.96364,1.5253,0.020202
0.45455,0.8,0.44545,0.38182,4.8788,0.81818
0.30909,0.21818,0.1,0.16364,3.5455,0.69697
0.23636,0.84545,0.95455,0.54545,3.7475,0.31313
0.77273,0.25455,0.85455,0.21818,3.0606,0.50505
0.3,0.82727,0.31818,0.69091,1.202,0.66667
0.68182,0.10909,0.3,0.12727,2.0909,0.66667
0.44545,0.98182,0.21818,0.41818,2.0909,1
0.74545,0.5,0.46364,1,3.7879,0.9697
0.64545,0.38182,0.82727,0.54545,3.9899,0.89899
0.35455,0.76364,0.80909,0.99091,2.2929,0.11111
0.72727,0.80909,0.94545,0.66364,2.5758,0.42424
0.51818,0.38182,0.40909,0.48182,4.798,0.9899
0.87273,0.25455,0.96364,0.7,3.2626,0.22222
0.12727,0.68182,0.28182,0.29091,2.4949,0.74747
0.89091,0.29091,0.27273,0.25455,3.7879,0.64646
0.58182,0.57273,0.32727,0.10909,1.8485,0.61616
1,0.48182,0.65455,0.40909,4.8384,0.85859
0.45455,0.50909,0.76364,0.26364,4.6768,0.78788
0.53636,0.82727,0.16364,0.94545,3.5455,0.44444
0.43636,0.71818,0.68182,0.49091,2.9798,0.30303
0.73636,0.10909,0.13636,0.11818,1.7677,0.44444
0.25455,0.99091,0.70909,0.60909,2.4949,0.81818
0.99091,0.76364,0.68182,0.4,3.5051,0.10101
0.16364,0.21818,0.11818,0.59091,3.4242,0.070707
0.79091,0.53636,0.64545,0.28182,1.6465,0.61616
0.68182,0.86364,0.14545,0.96364,2.2929,0.79798
0.36364,0.11818,0.57273,0.84545,3.4646,0.93939
0.67273,0.63636,0.94545,0.30909,2.7778,0.29293
0.11818,0.26364,0.8,0.85455,3.7475,0.23232
0.98182,0.3,0.76364,0.3,3.6263,0.80808
0.22727,0.97273,0.2,0.92727,3.0606,0.34343
0.80909,0.81818,0.41818,0.8,1.2424,0.070707
0.36364,0.2,0.93636,0.70909,3.0202,0.060606
0.6,0.91818,0.74545,0.25455,2.8182,0.43434
0.11818,0.65455,0.2,0.58182,1,0.68687
0.15455,0.13636,0.69091,0.72727,1.6869,0.55556
0.71818,0.13636,0.89091,0.24545,4.7172,0.34343
0.66364,0.49091,0.54545,0.36364,4.9192,0.60606
0.7,0.61818,0.96364,0.77273,1.8081,0.82828
0.6,0.59091,0.11818,0.32727,4.2323,0.51515
0.32727,0.23636,0.99091,0.8,4.0303,0.60606
0.38182,1,0.99091,0.75455,3.303,0.19192
0.70909,0.95455,1,0.99091,1.8485,0.25253
0.19091,0.38182,0.95455,0.34545,4.8788,1
0.28182,0.78182,0.63636,0.86364,4.5152,0.60606
0.60909,0.72727,0.67273,0.17273,2.9798,0.62626
0.75455,0.6,0.11818,0.43636,1.3232,0.030303
0.94545,0.98182,0.12727,0.4,4.798,0.53535
0.78182,0.85455,0.13636,0.2,3.101,0.93939
0.68182,0.59091,0.8,0.31818,4.596,0.040404
0.53636,0.39091,0.26364,0.87273,2.9798,0.29293
0.44545,0.65455,0.47273,0.97273,2.5354,0.43434
0.1,0.48182,0.91818,0.45455,1.5657,0.36364
0.15455,0.7,0.63636,0.84545,3.9091,0.82828
0.11818,0.7,0.4,0.74545,4.4747,0.93939
0.16364,0.3,0.75455,0.39091,1.8889,0.9596
0.54545,0.52727,0.61818,0.25455,2.697,0.41414
0.18182,0.31818,0.69091,0.96364,2.5354,0.85859
0.83636,0.45455,0.86364,0.82727,4.3939,0.34343
0.59091,0.92727,0.52727,1,4.4343,0.31313
0.26364,0.67273,0.89091,0.23636,1.5253,0.87879
0.76364,0.47273,0.52727,0.13636,1.7273,0.020202
0.67273,0.27273,0.21818,0.50909,3.6667,0.39394
0.40909,0.20909,0.18182,0.91818,3.5051,0.67677
0.19091,0.8,0.56364,0.40909,1.6869,0.94949
0.25455,0.81818,0.32727,0.64545,1.5657,0.63636
0.57273,0.53636,0.11818,0.10909,4.4747,0.44444
0.41818,0.58182,0.74545,0.82727,2.6162,0.30303
0.56364,0.84545,0.57273,0.57273,2.1717,0.56566
0.34545,0.36364,0.98182,0.27273,3.7879,0.30303
0.9,0.8,0.78182,0.48182,1.1616,0.43434
0.98182,0.51818,0.69091,0.69091,1.4444,0.33333
0.48182,0.22727,0.39091,0.30909,3.2626,0.38384
0.64545,0.79091,0.31818,0.14545,2.0101,0.79798
0.44545,0.33636,0.62727,0.50909,2.8586,0.66667
0.61818,0.80909,0.91818,0.27273,2.899,0.78788
0.34545,0.9,0.21818,0.71818,1.404,0.58586
0.19091,0.19091,0.70909,0.99091,3.9899,0.76768
0.36364,0.4,0.79091,0.42727,2.697,0.91919
0.35455,0.73636,0.72727,0.57273,2.8182,0.59596
0.66364,0.42727,0.25455,0.55455,4.8384,0.16162
0.69091,0.70909,0.95455,0.36364,2.4545,0.55556
0.5,0.22727,0.30909,0.94545,1.6465,0.76768
0.17273,0.58182,0.55455,0.25455,2.7374,0.80808
0.72727,0.90909,0.2,0.52727,1.3636,0.45455
0.92727,0.43636,0.70909,0.20909,2.4141,0.45455
0.70909,0.22727,0.28182,0.77273,3.9495,0.84848
0.32727,0.55455,0.88182,0.90909,1.7273,0.13131
0.42727,0.90909,0.27273,0.70909,4.5556,0.9596
0.85455,0.21818,0.82727,0.29091,3.4646,0
0.88182,0.30909,0.15455,0.24545,4.798,0.37374
0.71818,0.79091,0.1,0.17273,1.1212,0.92929
0.1,0.51818,0.41818,0.57273,1.1616,0.40404
0.48182,0.33636,0.9,0.79091,1.3636,0.89899
0.99091,0.11818,0.26364,0.69091,1.4444,0.93939
0.75455,0.49091,0.36364,0.8,2.7778,0.18182
0.24545,0.52727,0.98182,0.73636,3.9495,0.65657
0.40909,0.6,1,0.57273,2.5354,0.94949
0.61818,0.34545,0.60909,0.95455,4.3131,0.77778
0.88182,0.51818,0.72727,0.80909,1,0.49495
0.67273,0.69091,0.78182,0.95455,3.3434,0.61616
0.35455,0.5,0.58182,0.46364,4.5152,0.12121
0.38182,0.74545,0.51818,0.79091,3.1818,0.25253
0.39091,0.49091,0.59091,0.6,3.5051,0.69697
0.77273,0.54545,0.81818,0.4,5,0.20202
0.6,0.72727,0.19091,0.49091,2.2121,0.63636
0.13636,0.50909,0.17273,0.35455,3.7071,0.32323
0.51818,0.87273,0.67273,0.61818,1.202,0.15152
0.89091,0.12727,0.31818,0.3,3.9899,0.89899
0.7,0.17273,0.51818,0.51818,1.1616,0.33333
0.24545,0.43636,0.66364,0.77273,1.9697,0.87879
0.47273,0.57273,0.83636,0.53636,4.7576,0.28283
0.93636,0.94545,0.21818,0.38182,4.9192,0.60606
0.31818,0.6,0.19091,0.55455,3.3434,0.23232
0.89091,0.26364,0.9,0.86364,4.0707,0.90909
0.55455,0.62727,0.2,0.23636,1,0.62626
0.83636,0.45455,0.91818,0.31818,1.0808,0.18182
0.99091,0.71818,0.99091,0.77273,4.1515,0.15152
0.58182,0.92727,0.97273,0.75455,2.2525,0.84848
0.91818,0.11818,0.10909,0.95455,4.9596,0.86869
0.2,0.31818,0.21818,0.82727,4.3131,0.35354
0.37273,0.84545,0.45455,0.40909,5,0.91919
0.53636,0.93636,0.19091,0.85455,1.6465,0.56566
0.19091,0.28182,0.37273,0.87273,4.2323,0.57576
0.31818,0.69091,0.13636,0.59091,1.2828,0.28283
0.10909,0.30909,0.67273,0.36364,4.596,0.56566
0.37273,0.52727,0.35455,0.47273,2.3333,0.71717
0.74545,0.2,0.65455,0.51818,4.4343,0.080808
0.24545,0.24545,0.44545,0.46364,1.202,0.71717
0.99091,0.1,0.90909,0.32727,1.2424,0.17172
0.85455,0.63636,0.56364,0.92727,4.6768,0.92929
0.18182,0.97273,0.74545,0.76364,4.8788,0.13131
0.76364,0.56364,0.7,0.70909,4.3535,0.67677
0.98182,0.43636,0.66364,0.89091,4.6768,0.78788
0.99091,0.83636,0.64545,0.58182,5,0.74747
0.48182,0.59091,0.23636,0.97273,1.6061,0.84848
0.48182,0.25455,0.28182,0.62727,3.5455,0.94949
0.92727,0.55455,0.34545,0.82727,4.7172,0.21212
0.42727,0.56364,0.67273,0.56364,2.2525,0.22222
0.67273,0.40909,0.60909,0.7,1.9697,0.58586
0.13636,0.40909,0.22727,0.27273,4.4343,0.15152
0.78182,0.40909,0.42727,0.24545,4.9596,0.9697
0.60909,0.18182,0.15455,0.5,1.7273,0.58586
0.45455,0.29091,0.54545,0.44545,1.6061,0.17172
0.12727,0.16364,0.56364,0.39091,3.7071,0.16162
0.33636,0.54545,0.55455,0.12727,1.2828,0.76768
0.82727,0.22727,0.85455,0.16364,2.1717,0.33333
0.70909,0.40909,0.48182,0.18182,1.9293,0.70707
0.58182,0.27273,0.49091,0.40909,2.3737,0
0.35455,0.96364,0.98182,0.26364,4.3535,0.40404
0.38182,0.50909,0.32727,0.6,3.303,0.92929
0.27273,0.86364,0.33636,0.6,2.7374,0.38384
0.41818,0.65455,0.38182,0.51818,1.9697,0.080808
0.97273,0.70909,0.3,0.48182,3.3838,0.090909
0.9,0.66364,0.55455,0.52727,3.2222,0.14141
0.97273,0.30909,0.8,0.44545,1.4848,0.86869
0.55455,0.26364,0.72727,0.89091,4.8384,0.57576
0.62727,0.75455,0.51818,0.81818,3.6667,0.44444
0.43636,0.90909,0.44545,0.69091,3.4242,0.29293
0.29091,0.1,0.43636,0.22727,1.6465,0.26263
0.29091,0.69091,0.34545,0.9,1.1212,0.49495
0.69091,0.96364,0.36364,0.3,2.8586,0.25253
0.21818,0.19091,0.72727,0.62727,2.3333,0.59596
0.76364,0.85455,0.65455,0.41818,4.7576,0.40404
0.12727,0.23636,0.16364,0.30909,3.9091,0.64646
0.90909,0.86364,0.71818,0.72727,4.6768,0.9798
0.94545,0.65455,0.50909,0.47273,4.1111,0.53535
0.20909,0.10909,0.61818,0.52727,4.1515,0.42424
0.37273,0.20909,0.52727,0.65455,2.697,0.15152
0.71818,0.45455,0.25455,0.59091,4.6364,0.33333
0.18182,0.57273,0.9,0.67273,2.7778,0.73737
0.5,0.93636,0.79091,0.78182,4.0707,0.52525
0.49091,0.2,0.3,0.37273,2.2525,0.87879
0.97273,0.91818,0.47273,0.81818,2.1313,0.65657
0.88182,0.98182,0.87273,0.1,4.1515,0.9596
0.87273,0.44545,0.33636,0.11818,1.0808,0.70707
0.32727,0.63636,0.47273,0.60909,4.0303,0.11111
0.8,0.77273,0.26364,0.30909,3.101,0.84848
0.76364,0.68182,0.5,0.97273,3.4646,0.73737
0.65455,0.9,0.81818,0.54545,4.7172,0.9798
0.36364,0.74545,0.23636,0.6,1.4848,0.26263
0.11818,0.46364,0.43636,0.73636,3.5859,0.050505
0.49091,0.31818,0.63636,0.16364,2.3737,0.59596
0.77273,0.68182,0.22727,0.51818,3.0606,0.90909
0.92727,0.70909,0.58182,0.71818,2.4141,0.72727
0.33636,0.9,1,0.31818,3.9495,0.26263
0.31818,0.79091,0.90909,0.95455,2.7778,0.040404
0.42727,0.95455,0.76364,0.67273,3.8687,0.83838
0.41818,0.32727,0.48182,0.46364,3.5051,0.92929
0.38182,0.88182,0.54545,0.2,2.8182,0.48485
0.27273,0.54545,0.25455,0.93636,1.5253,0.070707
0.94545,0.15455,0.44545,0.41818,1.9293,0.79798
0.61818,0.32727,0.7,1,1.8081,0.73737
0.94545,0.73636,0.91818,0.33636,2.4949,0.89899
0.9,0.41818,0.70909,0.47273,2.0909,0.25253
0.44545,0.55455,0.2,0.15455,3.3838,0.36364
0.91818,0.86364,0.32727,0.6,3.6667,0.040404
0.61818,0.77273,0.97273,0.20909,1.404,1
0.92727,0.15455,0.40909,0.38182,3.7071,0.21212
0.52727,0.28182,0.29091,0.13636,2.4141,0.54545
0.18182,0.61818,0.60909,0.32727,4.1111,0.12121
0.17273,0.87273,0.42727,0.92727,3.5859,0.68687
0.80909,0.57273,0.76364,0.96364,1.4848,0.090909
0.78182,0.23636,0.10909,0.2,4.0303,0.46465
0.50909,0.75455,0.77273,0.56364,4.1111,0.35354
0.69091,0.89091,0.57273,0.32727,2.6566,0.070707
0.27273,0.33636,0.84545,0.1,3.7475,0.21212
0.28182,0.97273,0.53636,0.78182,1.404,0.19192
0.10909,0.59091,0.35455,0.74545,4.2727,0.39394
0.97273,0.36364,0.18182,0.90909,3.1818,0.64646
0.53636,0.30909,0.30909,0.86364,2.5758,0.84848
0.27273,0.76364,0.77273,0.30909,4.5152,0.62626
0.37273,0.75455,0.73636,0.21818,4.7576,0.33333
0.90909,0.80909,0.18182,0.12727,2.8586,0.89899
0.33636,0.94545,0.99091,0.48182,3.0202,0.66667
0.81818,0.99091,0.42727,0.41818,4.4747,0.43434
0.68182,0.24545,0.94545,0.56364,4.3131,0.17172
0.32727,0.14545,0.48182,0.71818,2.4545,0.32323
0.21818,0.4,0.17273,0.83636,1.6869,0.50505
0.75455,0.63636,0.75455,0.7,2.899,0.64646
0.24545,0.18182,0.39091,0.7,2.2929,0.85859
0.60909,0.15455,0.3,0.88182,2.2525,0
0.33636,0.74545,0.45455,0.15455,4.5152,0.70707
0.56364,0.37273,0.49091,0.55455,1.5657,0.45455
0.85455,0.9,0.45455,0.9,3.4242,0.72727
0.7,0.62727,0.55455,0.18182,3.9091,0.91919
0.28182,0.64545,0.41818,0.3,1.3232,0.12121
0.59091,0.78182,0.57273,0.96364,2.7374,0.81818
0.2,0.38182,0.92727,0.70909,4.2323,0.51515
0.57273,0.97273,0.1,0.83636,4.9192,0.9697
0.63636,0.73636,0.24545,0.74545,1.0404,0.35354
0.55455,0.39091,0.78182,0.15455,3.3838,0.40404
0.71818,0.58182,0.24545,0.37273,1.3636,0.39394
0.74545,0.37273,0.48182,0.42727,1.2424,0.65657
0.20909,0.6,0.78182,0.84545,3.7071,0.72727
0.3,0.94545,0.84545,0.49091,1.0404,0.35354
0.92727,0.78182,0.55455,0.53636,4.3939,0.10101
0.34545,0.44545,0.20909,0.50909,1.8485,0.9697
0.56364,0.89091,0.6,0.78182,2.6162,0.31313
1,0.83636,0.93636,0.75455,1.8081,0.94949
0.60909,0.42727,0.39091,0.61818,1.1616,0.29293
0.76364,0.91818,0.79091,0.35455,3.3838,0.52525
0.30909,0.19091,0.77273,0.99091,3.8283,0.52525
0.30909,0.72727,0.52727,0.44545,1.6869,0.80808
0.63636,0.15455,0.37273,0.20909,4.1111,0.59596
0.64545,0.27273,0.44545,0.39091,2.6162,0.050505
0.40909,0.23636,0.97273,0.11818,4.4343,0.57576
0.29091,0.33636,0.26364,0.76364,2.3737,0.83838
0.63636,0.66364,0.57273,0.42727,3.5051,0.39394
0.8,0.96364,0.93636,0.87273,1.0808,0.24242
0.25455,0.57273,0.37273,0.90909,2.4141,0.90909
0.22727,0.89091,0.60909,0.33636,1.2424,0.68687
0.43636,0.8,0.89091,0.25455,2.6566,0.080808
0.23636,0.43636,0.53636,0.73636,1.202,0.16162
0.66364,0.44545,0.10909,0.69091,2.0101,0.020202
0.23636,0.25455,0.49091,0.86364,1.8485,0.010101
0.87273,0.6,0.59091,0.62727,4.6364,0.9798
0.63636,0.25455,0.31818,0.45455,1.9293,0.27273
0.73636,0.9,0.64545,0.5,3.7879,0.040404
0.9,0.59091,0.83636,0.26364,2.4545,0.46465
0.14545,0.39091,0.36364,0.22727,3.1818,0.67677
0.86364,0.14545,0.4,0.45455,1.7273,0.46465
0.52727,0.94545,0.53636,0.26364,3.6667,0.37374
0.65455,0.51818,0.80909,0.17273,2.4141,0.15152
0.37273,0.37273,0.16364,0.13636,3.8283,0.080808
0.95455,0.51818,0.80909,0.34545,2.0505,0.69697
0.39091,0.12727,0.30909,0.84545,4.3535,0.51515
0.10909,0.84545,0.81818,0.88182,4.1919,0.16162
0.94545,0.26364,0.42727,0.3,4.3535,0.55556
0.62727,0.46364,0.84545,0.28182,1.2424,0.16162
0.41818,0.41818,0.80909,0.7,3.9495,0.43434
0.85455,0.50909,0.18182,0.80909,2.8586,0.13131
0.43636,0.97273,0.43636,0.51818,2.899,0.41414
0.84545,0.85455,0.20909,0.12727,4.2323,0.17172
0.80909,0.4,0.35455,0.28182,1.7273,0.75758
0.66364,0.58182,0.70909,0.64545,2.9394,0.82828
0.62727,0.13636,0.40909,0.63636,1.5657,0.26263
0.13636,0.85455,0.87273,0.72727,2.0505,0.66667
0.49091,0.21818,0.96364,0.78182,2.0505,0.14141
0.81818,0.20909,0.17273,0.63636,2.0909,0.18182
0.96364,0.93636,0.38182,0.84545,3.9495,0.14141
0.46364,0.41818,0.22727,0.66364,4.8788,0.41414
0.65455,0.39091,0.28182,0.79091,2.5758,0.67677
0.56364,0.71818,0.12727,0.43636,1.5253,0.46465
0.50909,0.82727,0.85455,0.68182,1.404,0.38384
0.78182,0.39091,0.7,0.61818,2.9394,0.32323
0.53636,0.62727,0.59091,0.37273,2.3333,0.11111
0.22727,0.18182,0.71818,0.53636,2.0909,0.86869
0.50909,0.7,0.64545,0.29091,3.6263,0.57576
0.54545,0.47273,0.66364,0.91818,3.0606,0.85859
0.82727,0.33636,0.52727,0.65455,1.1212,0.90909
0.40909,0.31818,0.66364,0.41818,3.6263,0.17172
0.91818,0.56364,0.32727,0.68182,1.7677,0.58586
0.98182,0.17273,0.28182,0.42727,3.4646,0.88889
0.29091,0.3,0.38182,0.59091,3.101,0.48485
0.22727,0.69091,0.14545,0.31818,1.9697,0.060606
0.98182,0.88182,0.49091,0.22727,2.899,0.78788
0.73636,0.43636,0.39091,0.93636,2.7374,0.62626
0.4,0.16364,0.6,0.60909,3.1414,0.54545
0.87273,0.46364,0.9,0.28182,3.4242,0.86869
0.39091,0.96364,0.93636,0.5,4.0303,0.18182
0.7,0.17273,0.58182,0.9,1.6061,0.74747
0.17273,0.37273,0.13636,0.81818,4.3939,0.79798
0.93636,0.18182,0.56364,0.80909,2.2121,0.20202
0.79091,0.48182,0.29091,0.18182,3.2222,0.11111
0.96364,0.55455,0.80909,0.17273,3.1414,0.54545
0.5,0.44545,0.26364,0.68182,1.4444,0.14141
0.93636,0.72727,0.54545,0.29091,1.3636,0.31313
0.47273,0.4,0.65455,0.42727,4.7576,0.85859
0.72727,0.87273,0.59091,0.97273,2.697,0.61616
0.2,0.12727,0.73636,0.43636,1.3232,0.70707
0.72727,0.89091,0.61818,0.60909,4.798,0.78788
0.52727,0.98182,0.42727,0.19091,3.0202,0.23232
0.2,0.32727,0.16364,0.45455,4.596,0.88889
0.90909,0.17273,0.90909,0.70909,3.7475,0.36364
0.6,0.80909,0.38182,0.93636,4.5556,0.18182
1,0.35455,0.33636,0.14545,3.9899,0.10101
0.39091,0.2,0.92727,0.35455,2.6566,0.71717
0.79091,0.60909,0.88182,0.99091,1.9293,0.42424
0.9,0.1,0.88182,0.52727,3.8687,0.74747
0.14545,0.91818,0.96364,0.34545,4.596,0.030303
0.21818,0.10909,0.41818,0.13636,2.0101,0.010101
0.26364,0.87273,0.62727,0.61818,4.7172,0.40404
0.81818,0.48182,0.43636,0.18182,4.7576,0.75758
0.70909,1,0.33636,0.79091,1,0.49495
0.10909,0.1,0.16364,0.11818,1.3636,0.47475
0.90909,0.24545,0.27273,0.29091,4.6364,0.70707
1,0.64545,0.45455,0.26364,2.7374,0.53535
0.66364,0.3,0.6,0.76364,1.0808,0.46465
0.49091,0.32727,0.19091,0.62727,2.0101,0.52525
0.79091,0.13636,0.90909,0.14545,1.4848,0.21212
0.91818,0.60909,0.94545,0.86364,4.1919,0.88889
0.74545,0.70909,0.89091,0.65455,2.0505,0.45455
0.54545,0.71818,0.95455,0.33636,4.1919,0.11111
0.8,0.20909,0.1,0.66364,1.6869,0.9899
0.81818,0.68182,0.34545,0.38182,2.6162,0.88889
0.74545,0.66364,0.20909,0.76364,2.2929,0.47475
0.30909,0.27273,0.50909,0.63636,4.798,0.50505
0.28182,0.45455,0.69091,0.19091,3.101,0.50505
0.83636,0.12727,0.25455,0.10909,1.2828,0.75758
0.24545,1,0.87273,0.80909,3.8283,0.9596
0.72727,0.88182,0.36364,0.1,3.0202,0.060606
0.96364,0.28182,0.27273,0.98182,1.8889,0.50505
0.32727,0.56364,0.1,0.44545,3.8283,0.55556
0.26364,0.65455,0.81818,0.15455,2.6566,0.49495
0.45455,0.35455,0.54545,0.91818,4.3131,0.55556
0.12727,0.11818,0.9,0.80909,2.4949,0.60606
0.62727,0.90909,0.88182,0.93636,3.303,0.38384
1,0.18182,0.6,0.47273,3.1818,0.73737
0.80909,0.41818,0.50909,0.23636,2.5354,0.67677
0.34545,0.35455,0.68182,0.98182,3.4242,0.87879
0.1,0.66364,0.15455,0.94545,2.1717,0.20202
0.55455,0.87273,0.13636,0.13636,4.1515,0.23232
0.91818,1,0.14545,0.64545,4.9596,0.27273
0.20909,0.5,0.38182,0.36364,2.7778,0.68687
0.14545,0.36364,0.30909,0.65455,1.4444,0.10101
0.67273,0.42727,0.73636,0.66364,2.9798,0.62626
0.30909,0.71818,0.23636,0.39091,2.9394,0.12121
0.83636,0.61818,0.61818,0.2,3.1414,0.92929
0.39091,0.75455,0.58182,0.46364,3.8687,0.64646
0.52727,0.47273,0.71818,0.5,3.5455,0.72727
0.47273,0.7,0.63636,0.93636,5,0.28283
0.90909,0.94545,0.85455,0.67273,2.4545,0.9899
0.84545,0.99091,0.17273,0.9,4.0303,0.30303
0.15455,0.19091,0.5,0.64545,2.697,0.63636
0.93636,0.78182,0.25455,0.75455,3.8687,0.86869
0.93636,0.26364,0.15455,0.79091,1.7677,0.26263
0.64545,0.90909,0.46364,0.21818,1.8081,0.91919
0.3,0.28182,0.5,0.81818,2.899,0.69697
0.4,0.55455,0.34545,0.56364,2.9394,0.19192
0.73636,0.70909,0.68182,0.47273,1.0404,0.37374
0.42727,0.3,0.46364,0.63636,3.3434,0.050505
0.20909,0.5,0.67273,0.55455,4.1515,0.020202
0.47273,0.83636,0.6,0.85455,3.2626,0.24242
0.95455,0.80909,0.8,0.81818,1.1212,0.23232
0.31818,0.88182,0.92727,0.89091,1,0.61616
0.96364,0.93636,0.72727,0.34545,3.3434,0.41414
0.58182,0.82727,0.24545,0.2,4.9192,1
0.86364,0.50909,0.68182,0.71818,2.2929,0.14141
0.20909,0.95455,0.22727,0.77273,4.6768,0.36364
0.87273,0.19091,0.86364,0.64545,1.3232,0.30303
0.59091,0.82727,0.41818,0.19091,4.3131,0.72727
0.40909,0.63636,0.58182,0.52727,4.9596,0.83838
0.83636,0.46364,0.45455,0.16364,2.2121,0.80808
0.95455,0.14545,0.46364,0.46364,1.3232,0.56566
0.26364,0.84545,0.69091,0.98182,4.2727,0.31313
0.15455,0.79091,0.74545,0.90909,4.6364,0.020202
0.77273,0.67273,0.82727,0.53636,2.1313,0.53535
0.2,0.91818,0.61818,0.74545,3.7879,0.030303
0.85455,0.58182,0.39091,0.11818,4.3535,0.63636
0.10909,0.52727,0.98182,0.22727,3.2626,0.9596
0.17273,0.14545,0.50909,0.90909,1.9697,0.12121
0.11818,0.88182,0.40909,0.60909,3.2626,0.41414
0.73636,0.24545,0.93636,0.37273,3.1414,0.050505
0.79091,0.56364,0.4,0.92727,5,0.58586
0.8,0.38182,0.87273,0.66364,4.2727,0.10101
0.77273,0.86364,0.4,0.72727,2.8182,0.28283
0.8,0.22727,0.86364,0.88182,4.0707,0.9899
0.58182,0.53636,0.84545,0.5,2.3737,0.82828
0.57273,0.60909,0.86364,0.67273,4.7172,0.28283
0.44545,0.99091,0.94545,0.58182,1.4848,0.9899
0.47273,0.98182,0.79091,0.88182,3.2222,0.24242
0.27273,0.49091,0.83636,0.54545,3.3434,0
